# VJET
org.eclipse.vjet.vsf.domkit.feature.group=[0.10.0.201403201656,0.10.0.201403201656]
org.eclipse.vjet.rt.feature.group=[0.10.0.201403201656,0.10.0.201403201656]
org.eclipse.vjet.core.feature.group=[0.10.0.201403201656,0.10.0.201403201656]
org.eclipse.vjet.extmod.jsdt.feature.group=[0.10.0.201403201656,0.10.0.201403201656]
org.eclipse.vjet.codegen.feature.group=[0.10.0.201403201656,0.10.0.201403201656]
org.eclipse.vjet.eclipse.feature.group=[0.10.0.201403201656,0.10.0.201403201656]
org.eclipse.vjet.extmod.rhino.feature.group=[0.10.0.201403201656,0.10.0.201403201656]
org.eclipse.vjet.extmod.dltk.core.feature.group=[0.10.0.201403201656,0.10.0.201403201656]
org.eclipse.vjet.web.feature.group=[0.10.0.201403201656,0.10.0.201403201656]
org.eclipse.equinox.server.jetty.feature.group=[1.1.100.v20140416-1649,1.1.100.v20140416-1649]
# AngularJS (in JBT, Tern is in Central, not Early Access)
angularjs-eclipse-feature.feature.group=0.0.0
# Arquillian
org.jboss.tools.arquillian.feature.feature.group=0.0.0

# JBTIS
org.jboss.tools.bpel.feature=[1.2.101.Final-v20140108-1353-B1045,1.2.101.Final-v20140108-1353-B1045]
org.eclipse.bpmn2.feature=[0.7.0.201308220617,0.7.0.201308220617]
org.eclipse.bpmn2.modeler=[1.1.0.201408072130,1.1.0.201408072130]
org.eclipse.bpmn2.modeler.runtime.jboss=[1.1.0.201408072130,1.1.0.201408072130]
org.drools.eclipse.feature=[6.1.0.Final,6.1.0.Final]
org.guvnor.tools.feature=[6.1.0.Final,6.1.0.Final]
org.jbpm.eclipse.feature=[6.1.0.Final,6.1.0.Final]
org.jboss.tools.runtime.drools.detector.feature=[6.1.0.Final,6.1.0.Final]
org.jboss.tools.runtime.jbpm.detector.feature=[4.5.200.Final-v20130815-1941-B2008,4.5.200.Final-v20130815-1941-B2008]
org.jboss.tools.esb.feature=[1.5.510.Alpha1-v20140903-1921-B34,1.5.510.Alpha1-v20140903-1921-B34]
org.jboss.tools.runtime.esb.detector.feature=[1.5.510.Alpha1-v20140903-1921-B34,1.5.510.Alpha1-v20140903-1921-B34]
org.jboss.tools.jbpm.common.feature=[4.5.200.Final-v20130815-1941-B2008,4.5.200.Final-v20130815-1941-B2008]
org.jboss.tools.jbpm.convert.feature=[4.5.200.Final-v20130815-1941-B2008,4.5.200.Final-v20130815-1941-B2008]
org.jboss.tools.jbpm3.feature=[4.5.200.Final-v20130815-1941-B2008,4.5.200.Final-v20130815-1941-B2008]
org.jboss.tools.modeshape.rest.feature=[3.7.0.Alpha1-v20140303-2245-B152,3.7.0.Alpha1-v20140303-2245-B152]
org.jboss.tools.modeshape.jcr.feature=[3.7.0.Alpha1-v20140303-2245-B152,3.7.0.Alpha1-v20140303-2245-B152]
org.switchyard.tools.feature=[2.0.0.v20140907-1659-H485-CI,2.0.0.v20140907-1659-H485-CI]
org.switchyard.tools.bpel.feature=[2.0.0.v20140907-1659-H485-CI,2.0.0.v20140907-1659-H485-CI]
org.switchyard.tools.bpmn2.feature=[2.0.0.v20140907-1659-H485-CI,2.0.0.v20140907-1659-H485-CI]
org.teiid.datatools.connectivity.feature=[9.0.1.Beta1-v20141021-1225-B183,9.0.1.Beta1-v20141021-1225-B183]
org.teiid.designer.feature=[8.6.1.Alpha1-v20140918-1404-B186,8.6.1.Alpha1-v20140918-1404-B186]
org.teiid.designer.runtime.feature=[8.6.1.Alpha1-v20140918-1404-B186,8.6.1.Alpha1-v20140918-1404-B186]
org.teiid.designer.teiid.client.feature=[8.6.1.Alpha1-v20140918-1404-B186,8.6.1.Alpha1-v20140918-1404-B186]
