#VJET
org.eclipse.vjet.rt.feature.group=[0.10.0.201403201656,0.10.0.201403201656]
org.eclipse.vjet.core.feature.group=[0.10.0.201403201656,0.10.0.201403201656]
org.eclipse.vjet.extmod.jsdt.feature.group=[0.10.0.201403201656,0.10.0.201403201656]
org.eclipse.vjet.web.feature.group=[0.10.0.201403201656,0.10.0.201403201656]
org.eclipse.vjet.extmod.dltk.core.feature.group=[0.10.0.201403201656,0.10.0.201403201656]
org.eclipse.vjet.codegen.feature.group=[0.10.0.201403201656,0.10.0.201403201656]
org.eclipse.vjet.eclipse.feature.group=[0.10.0.201403201656,0.10.0.201403201656]
org.eclipse.vjet.vsf.domkit.feature.group=[0.10.0.201403201656,0.10.0.201403201656]
org.eclipse.vjet.extmod.rhino.feature.group=[0.10.0.201403201656,0.10.0.201403201656]
org.eclipse.vjet.web.feature.group=[0.10.0.201403201656,0.10.0.201403201656]
org.eclipse.equinox.server.jetty.feature.group=[1.1.100.v20140416-1649,1.1.100.v20140416-1649]

# Tern is not Early Access in JBT 4.3, only in JBDS 9
#tern-server-nodejs-feature.feature.group=0.0.0
#tern-feature.feature.group=0.0.0
#tern-jsdt-feature.feature.group=0.0.0
#tern.eclipse.ide.server.nodejs.embed.feature.group=0.0.0
#tern.eclipse.ide.tools.feature.feature.group=0.0.0

# AngularJS
angularjs-eclipse-feature.feature.group=0.0.0

# Arquillian is not Early Access in JBT 4.3, only in JBDS 9
# org.jboss.tools.arquillian.feature.feature.group=0.0.0

# Integration Stack
org.eclipse.bpel.apache.ode.runtime.feature.feature.group=[1.0.5.Final,1.0.5.Final]
org.eclipse.bpel.common.feature.feature.group=[1.0.5.Final,1.0.5.Final]
org.eclipse.bpel.feature.feature.group=[1.0.5.Final,1.0.5.Final]
org.jboss.tools.bpel.feature.feature.group=[1.3.100.Final-v20141204-2031-B13,1.3.100.Final-v20141204-2031-B13]
org.eclipse.bpmn2.feature.feature.group=[1.2.1.Final,1.2.1.Final]
org.eclipse.bpmn2.modeler.feature.group=[1.2.3.Beta1-v20160119-1845,1.2.3.Beta1-v20160119-1845]
org.eclipse.bpmn2.modeler.runtime.jboss.feature.group=[1.2.3.Beta1-v20160119-1845,1.2.3.Beta1-v20160119-1845]
org.drools.eclipse.feature.feature.group=[6.4.0.201601201107,6.4.0.201601201107]
org.guvnor.tools.feature.feature.group=[6.4.0.201601201107,6.4.0.201601201107]
org.jbpm.eclipse.feature.feature.group=[6.4.0.201601201107,6.4.0.201601201107]
org.jboss.tools.runtime.drools.detector.feature.feature.group=[6.2.0.Final,6.2.0.Final]
org.fusesource.ide.camel.editor.feature.feature.group=[8.0.0.Alpha1-v20150916-1544-B608,8.0.0.Alpha1-v20150916-1544-B608]
org.fusesource.ide.core.feature.feature.group=[8.0.0.Alpha1-v20150916-1544-B608,8.0.0.Alpha1-v20150916-1544-B608]
org.fusesource.ide.jmx.feature.feature.group=[8.0.0.Alpha1-v20150916-1544-B608,8.0.0.Alpha1-v20150916-1544-B608]
org.fusesource.ide.server.extensions.feature.feature.group=[8.0.0.Alpha1-v20150916-1544-B608,8.0.0.Alpha1-v20150916-1544-B608]
org.jboss.tools.fuse.transformation.feature.feature.group=[8.0.0.Alpha1-v20150916-1544-B608,8.0.0.Alpha1-v20150916-1544-B608]
org.jboss.tools.modeshape.rest.feature.feature.group=[3.8.0.Beta1-v20150915-1710-B210,3.8.0.Beta1-v20150915-1710-B210]
org.jboss.tools.modeshape.jcr.feature.feature.group=[3.8.0.Beta1-v20150915-1710-B210,3.8.0.Beta1-v20150915-1710-B210]
org.switchyard.tools.feature.feature.group=[2.1.0.v20151118-2006-H612-Beta1,2.1.0.v20151118-2006-H612-Beta1]
org.switchyard.tools.bpel.feature.feature.group=[2.1.0.v20151118-2006-H612-Beta1,2.1.0.v20151118-2006-H612-Beta1]
org.switchyard.tools.bpmn2.feature.feature.group=[2.1.0.v20151118-2006-H612-Beta1,2.1.0.v20151118-2006-H612-Beta1]
org.teiid.datatools.connectivity.feature.feature.group=[10.0.0.Beta2-v20160201-2143-B4066,10.0.0.Beta2-v20160201-2143-B4066]
org.teiid.designer.feature.feature.group=[10.0.0.Beta2-v20160201-2143-B4066,10.0.0.Beta2-v20160201-2143-B4066]
org.teiid.designer.runtime.feature.feature.group=[10.0.0.Beta2-v20160201-2143-B4066,10.0.0.Beta2-v20160201-2143-B4066]
org.teiid.designer.teiid.client.feature.feature.group=[10.0.0.Beta2-v20160201-2143-B4066,10.0.0.Beta2-v20160201-2143-B4066]
