#Mon Sep 15 04:33:01 EDT 2014
org.eclipse.vjet.vsf.domkit.feature.group=[0.10.0.201403201656,0.10.0.201403201656]
org.eclipse.vjet.rt.feature.group=[0.10.0.201403201656,0.10.0.201403201656]
org.jboss.tools.arquillian.feature.feature.group=[1.1.2.CR1-v20140830-0003-B63,1.1.2.CR1-v20140830-0003-B63]
org.eclipse.vjet.core.feature.group=[0.10.0.201403201656,0.10.0.201403201656]
org.eclipse.vjet.extmod.jsdt.feature.group=[0.10.0.201403201656,0.10.0.201403201656]
org.eclipse.vjet.codegen.feature.group=[0.10.0.201403201656,0.10.0.201403201656]
org.eclipse.vjet.eclipse.feature.group=[0.10.0.201403201656,0.10.0.201403201656]
org.eclipse.vjet.extmod.rhino.feature.group=[0.10.0.201403201656,0.10.0.201403201656]
org.eclipse.equinox.server.jetty.feature.group=[1.1.100.v20140416-1649,1.1.100.v20140416-1649]
org.eclipse.vjet.extmod.dltk.core.feature.group=[0.10.0.201403201656,0.10.0.201403201656]
angularjs-eclipse-feature.feature.group=[0.5.0.201408281218,0.5.0.201408281218]
org.eclipse.vjet.web.feature.group=[0.10.0.201403201656,0.10.0.201403201656]
