#VJET
org.eclipse.vjet.rt.feature.group=[0.10.0.201403201656,0.10.0.201403201656]
org.eclipse.vjet.core.feature.group=[0.10.0.201403201656,0.10.0.201403201656]
org.eclipse.vjet.extmod.jsdt.feature.group=[0.10.0.201403201656,0.10.0.201403201656]
org.eclipse.vjet.web.feature.group=[0.10.0.201403201656,0.10.0.201403201656]
org.eclipse.vjet.extmod.dltk.core.feature.group=[0.10.0.201403201656,0.10.0.201403201656]
org.eclipse.vjet.codegen.feature.group=[0.10.0.201403201656,0.10.0.201403201656]
org.eclipse.vjet.eclipse.feature.group=[0.10.0.201403201656,0.10.0.201403201656]
org.eclipse.vjet.vsf.domkit.feature.group=[0.10.0.201403201656,0.10.0.201403201656]
org.eclipse.vjet.extmod.rhino.feature.group=[0.10.0.201403201656,0.10.0.201403201656]
org.eclipse.vjet.web.feature.group=[0.10.0.201403201656,0.10.0.201403201656]
org.eclipse.equinox.server.jetty.feature.group=[1.1.100.v20140416-1649,1.1.100.v20140416-1649]

# Tern is not Early Access in JBT 4.3, only in JBDS 9
#tern-server-nodejs-feature.feature.group=0.0.0
#tern-feature.feature.group=0.0.0
#tern-jsdt-feature.feature.group=0.0.0
#tern.eclipse.ide.server.nodejs.embed.feature.group=0.0.0
#tern.eclipse.ide.tools.feature.feature.group=0.0.0

# AngularJS
angularjs-eclipse-feature.feature.group=0.0.0

# Arquillian is not Early Access in JBT 4.3, only in JBDS 9
# org.jboss.tools.arquillian.feature.feature.group=0.0.0

# Integration Stack
org.teiid.datatools.connectivity.feature.feature.group=[10.0.1.Final-v20160713-1749-B16,10.0.1.Final-v20160713-1749-B16]
org.teiid.designer.feature.feature.group=[10.0.1.Final-v20160713-1749-B16,10.0.1.Final-v20160713-1749-B16]
org.teiid.designer.library.feature.feature.group=[10.0.1.Final-v20160713-1749-B16,10.0.1.Final-v20160713-1749-B16]
org.teiid.designer.runtime.feature.feature.group=[10.0.1.Final-v20160713-1749-B16,10.0.1.Final-v20160713-1749-B16]
org.teiid.designer.teiid.client.feature.feature.group=[10.0.1.Final-v20160713-1749-B16,10.0.1.Final-v20160713-1749-B16]


